846 51 122 23
1494 76 1417 34
128 119 121 34
1497 150 1430 32
1117 196 1112 27
1128 234 1128 32
1128 284 1128 32
1122 324 1122 32
522 373 522 32
1136 359 611 32
1496 184 64 32
1499 261 56 32
1499 341 50 32

641 189 616 59
864 265 838 53
233 332 208 50
728 327 223 56
1273 317 295 51
1491 304 90 53

962 41 677 27
962 77 678 28
690 111 411 30
374 283 94 32
484 276 99 31
587 276 93 32
717 271 127 29
841 274 121 32
973 270 126 37
381 508 103 32
595 509 174 32
783 502 164 33
777 536 157 34
951 498 125 30
720 583 464 35
541 630 288 34
688 672 431 35
572 718 331 36
557 757 315 32
909 751 358 37
1499 39 439 31
1383 73 310 32
1430 104 307 29
1109 109 43 32
1111 142 40 35
1496 137 374 32
1108 173 37 31
1499 175 371 28
1119 215 43 36
1496 206 368 33
1492 241 365 30
1497 279 408 29
1496 316 355 34
1438 354 293 37
1129 354 36 30
1138 390 44 29
1382 385 241 31
1493 384 56 32
1140 428 39 32
1387 429 229 32
1492 421 48 35
1459 466 334 33
1482 504 310 32
1474 543 295 34
1485 583 311 33
1494 625 311 38
1496 659 355 31
1446 744 248 39

855 183 826 42
965 87 831 39
1255 131 1119 37
1265 175 1124 37
433 261 288 33
144 309 542 34
617 350 478 34
733 395 590 35

1086 163 923 64
583 256 427 55
1306 356 1151 56

1030 37 175 35
1261 44 78 34
1361 98 488 38
747 82 317 54
640 123 221 49
1325 153 675 57
1260 199 511 48
765 195 345 59
706 626 300 42
1251 682 846 43
967 742 570 45
1321 808 926 45
1344 842 943 37
1493 25 95 26
1495 76 88 39
1492 123 85 40
1497 172 83 35

587 78 467 65
96 77 60 53
98 165 69 52
527 164 396 58
647 261 247 64

1335 203 1269 42
883 252 809 42

625 86 401 68
1224 141 1018 50
1216 189 999 47
192 138 66 43
1211 240 1004 50
314 294 108 47
1221 351 1018 53
1220 406 1026 54
1220 456 1027 49
1225 513 1036 54
373 566 185 48
444 625 259 53
1015 624 235 56
486 677 310 48
1079 678 303 54
1193 733 1118 53

617 31 118 24
993 66 491 32
998 97 499 30
1000 127 509 30
1013 160 518 25
778 192 332 25
614 226 130 23
887 224 131 21
604 256 127 23
908 259 146 25
602 293 130 23
880 297 114 23
687 336 215 25
888 333 125 25
698 380 229 32
912 374 144 27
976 417 562 30

157 116 93 39
372 108 176 39
391 157 368 39
225 474 226 35
447 465 196 33
340 514 337 34
117 562 175 33
444 642 448 35
433 692 431 43
440 731 447 37
441 822 448 37
445 867 447 37
444 913 449 43
442 964 407 39
79 1012 78 35
446 1104 447 37
447 1151 448 42
447 1199 449 42
418 1256 418 43
387 1353 387 46
446 1399 449 44
417 1447 414 43
441 1494 447 44

1457 179 1381 96
1479 323 1293 91
680 477 196 86

552 36 218 40
732 80 373 36
1156 146 879 46
770 202 491 45
814 256 542 47
852 309 576 44
854 360 585 46

1182 94 1081 74
1192 195 1081 78
1196 291 1088 61
991 404 892 70

607 40 505 36
379 79 240 37
427 127 293 37
457 168 333 37
496 219 373 33

1394 107 1166 63

286 64 240 55
1250 66 121 32
431 56 125 31
1479 134 1474 37
196 178 160 34
299 223 258 34
621 225 254 37
925 221 242 35
1219 223 228 29
1499 269 1495 37
491 306 464 33

376 61 249 44
484 96 469 24
483 120 465 21
482 146 462 26
269 167 250 22
483 193 447 26
479 213 458 23
480 238 461 22
483 262 463 22
482 287 461 24
479 310 458 23
482 332 461 19
479 356 465 25
476 381 455 22
481 403 463 22
480 430 462 26
482 450 461 24
486 475 470 25
481 500 463 26
372 521 352 23

1396 297 1296 47
673 351 636 49
374 396 277 46
693 395 228 41
1399 398 659 41
926 446 841 45
