904 120 829 67
904 211 719 58
909 295 721 54
901 380 712 54
1438 464 1248 59
1443 546 1251 52
1448 631 1254 55
1446 715 1250 55
1390 796 1190 55
974 879 771 57
836 960 628 57
1111 1041 907 56

1570 334 1569 91
2198 576 2199 93
2192 700 2193 75
2192 838 2175 75
2198 976 2196 91
2194 1344 2195 93
2190 1460 2191 79
964 1620 965 87
2190 1564 1165 79
1242 1774 1243 87
2190 708 933 73
576 1902 571 75
836 2158 833 73
1532 2146 577 77
1016 2238 1015 67
1820 2224 687 77
924 2328 921 75
1682 2310 655 65
1026 420 1027 73
1830 2394 681 71
470 2592 465 81
1556 2574 837 73
474 2678 469 75
1964 2660 1141 69
498 2768 481 77
1936 2756 1151 79
512 2876 497 105
1930 2838 1151 71
1062 3094 921 77
2198 3058 1065 75
1470 3216 1453 101
1758 3424 1731 99
2198 3370 387 85
1686 3544 1677 91
2186 3488 481 81
628 3642 585 75

1892 1524 1689 273
2260 1448 327 131
1898 1772 1687 141
2316 1698 373 111
2142 2358 383 183
576 3694 533 125
464 3778 421 95
1118 3814 635 99
1710 3854 585 107
2332 3894 607 105
422 4024 407 101

1420 45 1191 41
1161 108 931 43
566 172 263 43
1451 165 460 40
731 237 436 43
1367 227 371 43

1192 101 1087 36
1190 150 1080 33
1198 198 1089 34
1204 246 1093 35
939 293 834 35
940 336 757 26
965 374 65 31
989 412 89 32
989 451 83 29
990 492 87 36
492 462 65 33
266 504 67 30
528 500 102 32
767 496 95 34
1192 539 1017 31
259 584 169 30
1222 613 1044 35
958 656 852 37

1432 131 1146 76
348 217 256 79
610 309 407 80
605 398 398 70
683 492 474 73
614 582 406 70

952 92 855 49
845 151 836 53
822 539 595 42
608 617 534 47
284 708 161 44
449 704 116 36
565 709 84 42
724 705 117 41
846 706 89 42

799 54 647 32
1386 125 1237 32
1277 181 1074 36
1405 232 1275 34
1386 276 1268 29
1391 338 1274 36
1390 395 1271 32
1396 469 1278 39
472 549 357 35
1387 639 1200 35
1408 699 1293 32
1324 762 1216 37
1402 823 1294 35
891 887 786 34
412 973 191 32
600 1032 386 32
641 1093 433 33
906 1152 695 34
942 1214 739 35
971 1274 775 36
1055 1333 855 34

964 76 881 40
991 192 954 47
444 305 417 41

1297 40 891 39
1306 93 1302 50
499 182 496 33
1327 245 1315 37
407 303 408 43
1322 354 1323 40
1330 415 1326 40
1325 466 1058 40

1405 126 1272 58
1464 60 153 41
1402 189 1239 57
1415 246 1258 47
1417 307 1254 52
419 377 275 54
195 541 45 148
638 707 129 37
902 536 41 150
1388 701 128 37
168 899 44 163
629 1117 128 34
905 896 44 156
1418 1107 129 42

765 101 765 47
1083 162 1082 43
369 222 361 41
1074 256 696 49
275 286 267 38
410 349 410 45
193 415 193 46

1367 102 1197 66
1373 175 1192 60
725 254 554 56
1165 335 985 62
718 419 549 56
1377 498 1199 57
1046 579 873 55
1384 652 1214 49
1389 742 1223 63
1392 824 1200 60
1387 905 1209 54
1220 1001 1045 60

471 46 363 33
950 123 812 37
1193 188 1058 34
1284 257 1143 26
1099 333 957 33

1374 123 985 44
1383 185 988 43
1383 246 989 43
980 309 588 43
857 393 166 27
725 646 117 37
1242 638 139 42
777 688 226 39
768 781 90 24
795 809 121 26
1346 803 378 32
1310 872 297 48
1311 928 298 49
1304 988 283 47
728 1050 110 39
803 1093 265 43
1248 1035 116 35

1191 110 1174 59
1492 188 1414 52
407 271 326 50
1498 356 1427 56
396 441 321 59
1191 527 1131 58
1194 613 1131 61

980 54 819 40
983 123 827 38
1002 198 848 38
1090 269 935 34
1044 339 893 35
1009 412 862 33
1084 485 937 37
1012 561 877 36
1070 636 928 34
1104 717 975 40